  #     Given Class                Predicted Class
--------------------------------------------------
  1               1  ------------  1
  2               1  ------------  1
  3               1  ------------  1
  4               1  ------------  1
  5               1  ------------  1
  6               1  ------------  1
  7               0  ------------  0
  8               0  ------------  0
  9               1  ------------  1
 10               0  ------------  0
 11               0  ------------  0
 12               1  ------------  1
 13               0  ------------  0
 14               0  ------------  0
 15               0  ------------  0
 16               1  ------------  1
 17               1  xxxxxxxxxxxx  0
 18               0  ------------  0
 19               0  ------------  0
 20               0  ------------  0
 21               1  ------------  1
 22               1  xxxxxxxxxxxx  0
 23               0  ------------  0
 24               1  ------------  1
 25               0  ------------  0
 26               1  ------------  1
 27               0  xxxxxxxxxxxx  1
 28               1  ------------  1
 29               1  ------------  1
 30               0  xxxxxxxxxxxx  1
 31               0  ------------  0
 32               1  ------------  1
 33               0  ------------  0
 34               1  ------------  1
 35               1  ------------  1
 36               0  ------------  0
 37               1  ------------  1
 38               1  ------------  1
 39               1  ------------  1
 40               0  ------------  0
 41               1  ------------  1
 42               1  ------------  1
 43               0  ------------  0
 44               0  ------------  0
 45               1  ------------  1
 46               0  ------------  0
 47               0  ------------  0
 48               1  ------------  1
 49               0  ------------  0
 50               1  ------------  1
 51               0  ------------  0
 52               0  ------------  0
 53               0  ------------  0
 54               1  ------------  1
 55               1  ------------  1
 56               0  xxxxxxxxxxxx  1
 57               0  ------------  0
 58               0  ------------  0
 59               0  ------------  0
 60               0  ------------  0
 61               1  ------------  1
 62               1  xxxxxxxxxxxx  0
 63               0  ------------  0
 64               1  ------------  1
 65               1  xxxxxxxxxxxx  0
 66               0  ------------  0
 67               0  ------------  0
 68               1  ------------  1
 69               0  ------------  0
 70               0  ------------  0
 71               1  ------------  1
 72               1  ------------  1
 73               1  ------------  1
 74               1  ------------  1
 75               0  ------------  0
 76               0  ------------  0
 77               0  ------------  0
 78               1  ------------  1
 79               0  ------------  0
 80               0  ------------  0
 81               1  ------------  1
 82               0  ------------  0
 83               0  ------------  0
 84               1  ------------  1
 85               0  ------------  0
 86               1  ------------  1
 87               0  ------------  0
 88               1  xxxxxxxxxxxx  0
 89               1  ------------  1
 90               0  ------------  0
 91               0  ------------  0
 92               0  ------------  0
 93               1  xxxxxxxxxxxx  0
 94               1  ------------  1
 95               0  xxxxxxxxxxxx  1
 96               1  ------------  1
 97               1  ------------  1
 98               0  xxxxxxxxxxxx  1
 99               0  ------------  0
100               0  ------------  0
101               1  ------------  1
102               1  ------------  1
103               0  xxxxxxxxxxxx  1
104               0  xxxxxxxxxxxx  1
105               0  xxxxxxxxxxxx  1
106               0  xxxxxxxxxxxx  1
107               1  ------------  1
108               0  ------------  0
109               1  ------------  1
110               0  ------------  0
111               1  ------------  1
112               0  ------------  0
113               0  ------------  0
114               0  xxxxxxxxxxxx  1
115               1  ------------  1
116               0  ------------  0
117               1  ------------  1
118               0  ------------  0
119               1  ------------  1
120               0  ------------  0
121               1  ------------  1
122               0  ------------  0
123               1  ------------  1
124               1  ------------  1
125               1  ------------  1
126               1  ------------  1
127               1  ------------  1
128               0  ------------  0
129               0  ------------  0
130               0  ------------  0
131               0  ------------  0
132               0  ------------  0
133               0  ------------  0
134               1  ------------  1
135               0  ------------  0
136               0  ------------  0
137               0  ------------  0
138               0  ------------  0
139               0  ------------  0
140               1  ------------  1
141               1  ------------  1
142               1  ------------  1
143               0  ------------  0
144               1  ------------  1
145               1  ------------  1
146               0  ------------  0
147               1  ------------  1
148               0  ------------  0
149               0  ------------  0
150               1  xxxxxxxxxxxx  0
--------------------------------------------------
Total number of instances in test data = 150
Number of correctly predicted instances = 133
Accuracy = 88.6667%
